# Experimental data: t, y, dy
1 117 6
2 100 5
3 88 4
4 72 4
6 53 4
9 29.5 3
10 25.2 3
13 15.2 2
15 11.1 2

# Fitted data: t, y_fit
0 142.403540630783
0.1 139.994405024218
0.2 137.626026370361
0.3 135.297715156678
0.4 133.008793535579
0.5 130.758595127075
0.6 128.546464824769
0.7 126.371758605137
0.8 124.23384334003
0.9 122.132096612349
1 120.065906534842
1.1 118.03467157196
1.2 116.03780036473
1.3 114.074711558596
1.4 112.144833634163
1.5 110.247604740811
1.6 108.382472533121
1.7 106.54889401007
1.8 104.746335356945
1.9 102.974271789931
2 101.232187403333
2.1 99.5195750193742
2.2 97.8359360405444
2.3 96.1807803044383
2.4 94.5536259410551
2.5 92.9539992325099
2.6 91.3814344751193
2.7 89.8354738438189
2.8 88.3156672588767
2.9 86.821572254859
3 85.3527538518151
3.1 83.9087844286398
3.2 82.4892435985791
3.3 81.0937180868422
3.4 79.7218016102831
3.5 78.3730947591186
3.6 77.0472048806471
3.7 75.7437459649344
3.8 74.4623385324336
3.9 73.2026095235063
4 71.9641921898125
4.1 70.7467259875385
4.2 69.5498564724302
4.3 68.3732351966038
4.4 67.2165196071001
4.5 66.0793729461567
4.6 64.9614641531667
4.7 63.8624677682964
4.8 62.7820638377326
4.9 61.7199378205344
5 60.6757804970594
5.1 59.64928787894
5.2 58.6401611205824
5.3 57.6481064321631
5.4 56.6728349940965
5.5 55.7140628729508
5.6 54.7715109387849
5.7 53.8449047838854
5.8 52.9339746428766
5.9 52.0384553141839
5.99999999999999 51.1580860828242
6.09999999999999 50.2926106445036
6.19999999999999 49.4417770309988
6.29999999999999 48.6053375368008
6.39999999999999 47.783048647
6.49999999999999 46.9746709663904
6.59999999999999 46.1799691497747
6.69999999999999 45.398711833447
6.79999999999999 44.6306715678352
6.89999999999999 43.8756247512835
6.99999999999999 43.1333515649541
7.09999999999999 42.4036359088313
7.19999999999999 41.6862653388071
7.29999999999999 40.9810310048322
7.39999999999999 40.2877275901127
7.49999999999999 39.6061532513358
7.59999999999999 38.9361095599065
7.69999999999999 38.2774014441787
7.79999999999999 37.6298371326632
7.89999999999999 36.993228098197
7.99999999999999 36.3673890030568
8.09999999999999 35.7521376450009
8.19999999999999 35.1472949042246
8.29999999999999 34.5526846912122
8.39999999999999 33.9681338954716
8.49999999999999 33.3934723351364
8.59999999999999 32.8285327074203
8.69999999999999 32.2731505399096
8.79999999999998 31.7271641426802
8.89999999999998 31.190414561224
8.99999999999998 30.6627455301725
9.09999999999998 30.1440034278023
9.19999999999998 29.6340372313113
9.29999999999998 29.1326984728508
9.39999999999998 28.6398411963016
9.49999999999998 28.1553219147813
9.59999999999998 27.678999568871
9.69999999999998 27.2107354855478
9.79999999999998 26.7503933378128
9.89999999999998 26.2978391050018
9.99999999999998 25.8529410337675
10.1 25.4155695997218
10.2 24.9855974697271
10.3 24.5628994648251
10.4 24.1473525237936
10.5 23.738835667319
10.6 23.3372299627754
10.7 22.9424184895994
10.8 22.5542863052508
10.9 22.1727204117488
11 21.7976097227748
11.1 21.4288450313316
11.2 21.0663189779493
11.3 20.7099260194301
11.4 20.3595623981203
11.5 20.0151261117041
11.6 19.6765168835066
11.7 19.3436361333001
11.8 19.0163869486047
11.9 18.6946740564732
12 18.3784037957545
12.1 18.0674840898254
12.2 17.7618244197847
12.3 17.4613357980994
12.4 17.165930742698
12.5 16.8755232515017
12.6 16.590028777386
12.7 16.3093642035665
12.8 16.0334478194007
12.9 15.7621992965999
13 15.4955396658421
13.1 15.2333912937822
13.2 14.9756778604503
13.3 14.722324337032
13.4 14.4732569640255
13.5 14.2284032297676
13.6 13.9876918493233
13.7 13.7510527437323
13.8 13.5184170196068
13.9 13.2897169490744
14 13.0648859500602
14.1 12.8438585669026
14.2 12.6265704512971
14.3 12.4129583435625
14.4 12.2029600542235
14.5 11.9965144459058
14.6 11.7935614155368
14.7 11.5940418768475
14.8 11.3978977431708
14.9 11.2050719105305
15 11.0155082410164
15.1 10.8291515464406
15.2 10.6459475722708
15.3 10.4658429818345
15.4 10.2887853407916
15.5 10.1147231018682
15.6 9.94360558985053
15.7 9.77538298683075
15.8 9.61000631770396
15.9 9.44742743590973
16 9.28759900941507
16.1 9.13047450693455
16.2 8.97600818438349
16.3 8.82415507156039
16.4 8.67487095905463
16.5 8.52811238537563
16.6 8.38383662429984
16.7 8.24200167243169
16.8 8.10256623697504
16.9 7.96548972371154
17 7.83073222518225
