101 0.0158068122983091
101.5 0.0164581369859976
102 0.0171505376053063
102.5 0.0178875397639248
103 0.0186730553365131
103.5 0.0195114343453424
104 0.0204075251498805
104.5 0.0213667445004121
105 0.0223951593457468
105.5 0.0234995827020957
106 0.0246876864119144
106.5 0.0259681342775613
107 0.0273507398839947
107.5 0.0288466544791226
108 0.0304685916287439
108.5 0.0322310970978942
109 0.0341508746571356
109.5 0.0362471814418222
110 0.0385423103396349
110.5 0.0410621819726459
111 0.0438370756310262
111.5 0.0469025376508608
112 0.0503005181286047
112.5 0.054080803857311
113 0.0583028388929115
113.5 0.0630380570756902
114 0.0683728974276719
114.5 0.0744127401230308
115 0.0812870976986309
115.5 0.0891565390002855
116 0.0982220369737199
116.5 0.108737756201771
117 0.121028798821581
117.5 0.135516220833458
118 0.152752909534654
118.5 0.173476021706124
119 0.198685248732882
119.5 0.229762374944072
120 0.268658704120618
120.5 0.318197502017932
121 0.38257810489788
121.5 0.468247212705277
122 0.585466972038013
122.5 0.751265076582002
123 0.995249200564202
123.5 1.37156445732859
124 1.98392646555045
124.5 3.03358462326972
125 4.85741852879835
125.5 7.53387139495612
126 9.07172135083349
126.5 7.22715627134835
127 4.60538902444156
127.5 2.88564976141504
128 1.89903424352301
128.5 1.32055029993376
129 0.962860321279573
129.5 0.729650068069163
130 0.570417043981547
130.5 0.457389131290156
131 0.374507061810796
131.5 0.312044938074942
132 0.263866709672908
132.5 0.225960443982634
133 0.195620064375926
133.5 0.170969912764163
134 0.150678425531311
134.5 0.133780094815177
135 0.119561554878328
135.5 0.107486809851215
136 0.0971470135447644
136.5 0.0882260338209016
137 0.0804763936391994
137.5 0.0737021732282886
138 0.0677466690901491
138.5 0.0624833588988611
139 0.0578091997941286
139.5 0.053639597304271
140 0.0499045862304425
140.5 0.0465459015294528
141 0.0435147101970625
141.5 0.0407698392688137
142 0.0382763798573757
142.5 0.0360045788369247
143 0.033928952460583
143.5 0.0320275725962187
144 0.0302814882460312
144.5 0.0286742538503809
145 0.0271915424502711
145.5 0.0258208267157498
146 0.0245511145784981
146.5 0.0233727290501601
147 0.0222771239902742
147.5 0.0212567292740329
148 0.0203048201216516
148.5 0.0194154063774342
149 0.0185831383344318
149.5 0.0178032263399625
150 0.0170713719260151
150.5 0.0163837086154441
151 0.0157367508818592
151.5 0.0151273500051327
152 0.0145526557785752
152.5 0.014010083198235
153 0.0134972834074127
153.5 0.0130121182866064
154 0.0125526381756267
154.5 0.0121170622944805
155 0.011703761495908
155.5 0.0113112430376775
156 0.0109381371088845
156.5 0.0105831848831907
157 0.0102452279044639
157.5 0.00992319863771926
158 0.00961611204146204
158.5 0.00932305803721532
159 0.00904319476874815
